# Number of dimensions 2
# INAME 1 N
# INAME 2 H
   1 129.394   9.563 1 T          8.108e+01  0.00e+00 a   0    0    0 0
   2 128.745   9.875 1 T          2.235e+02  0.00e+00 a   0    0    0 0
   3 128.581   9.018 1 T          2.256e+02  0.00e+00 a   0    0    0 0
   5 127.549   9.305 1 T          2.679e+02  0.00e+00 a   0    0    0 0
   6 127.229   8.350 1 T          7.836e+02  0.00e+00 a   0    0    0 0
   7 127.203   9.528 1 T          1.877e+02  0.00e+00 a   0    0    0 0
   8 127.177   9.240 1 T          3.191e+02  0.00e+00 a   0    0    0 0
  10 126.306   8.782 1 T          3.820e+02  0.00e+00 a   0    0    0 0
  11 126.314   8.473 1 T          3.015e+02  0.00e+00 a   0    0    0 0
  12 126.134   9.337 1 T          2.432e+02  0.00e+00 a   0    0    0 0
  13 125.691   9.200 1 T          2.566e+02  0.00e+00 a   0    0    0 0
  14 125.619   9.119 1 T          2.487e+02  0.00e+00 a   0    0    0 0
  15 124.444   9.194 1 T          2.268e+02  0.00e+00 a   0    0    0 0
  16 124.411   8.629 1 T          3.176e+02  0.00e+00 a   0    0    0 0
  17 124.320   8.139 1 T          2.829e+02  0.00e+00 a   0    0    0 0
  18 124.268   7.350 1 T          4.826e+02  0.00e+00 a   0    0    0 0
  19 124.045   7.762 1 T          5.052e+02  0.00e+00 a   0    0    0 0
  21 123.827   8.400 1 T          3.269e+02  0.00e+00 a   0    0    0 0
  22 123.371   7.492 1 T          3.083e+02  0.00e+00 a   0    0    0 0
  23 123.107   8.190 1 T          7.753e+02  0.00e+00 a   0    0    0 0
  24 122.962   8.856 1 T          3.828e+02  0.00e+00 a   0    0    0 0
  25 122.713   8.461 1 T          2.674e+02  0.00e+00 a   0    0    0 0
  26 122.635   9.270 1 T          3.291e+02  0.00e+00 a   0    0    0 0
  27 122.357   8.724 1 T          2.317e+02  0.00e+00 a   0    0    0 0
  28 122.305   7.853 1 T          3.924e+02  0.00e+00 a   0    0    0 0
  29 122.086   8.358 1 T          6.978e+02  0.00e+00 a   0    0    0 0
  30 122.015   8.236 1 T          3.866e+02  0.00e+00 a   0    0    0 0
  31 121.967   8.030 1 T          1.289e+03  0.00e+00 a   0    0    0 0
  32 121.877   8.902 1 T          2.368e+02  0.00e+00 a   0    0    0 0
  33 121.728   7.963 1 T          3.024e+02  0.00e+00 a   0    0    0 0
  35 121.578   8.593 1 T          3.354e+02  0.00e+00 a   0    0    0 0
  36 121.443   7.055 1 T          2.592e+02  0.00e+00 a   0    0    0 0
  37 121.422   8.415 1 T          1.732e+02  0.00e+00 a   0    0    0 0
  38 121.409   7.953 1 T          4.056e+02  0.00e+00 a   0    0    0 0
  39 121.394   8.266 1 T          9.644e+02  0.00e+00 a   0    0    0 0
  40 121.317   8.364 1 T          4.629e+02  0.00e+00 a   0    0    0 0
  42 121.152   9.143 1 T          2.533e+02  0.00e+00 a   0    0    0 0
  43 121.127   7.971 1 T          3.344e+02  0.00e+00 a   0    0    0 0
  44 120.896   7.793 1 T          1.428e+02  0.00e+00 a   0    0    0 0
  45 120.539   8.228 1 T          5.102e+02  0.00e+00 a   0    0    0 0
  46 120.499   8.563 1 T          2.156e+02  0.00e+00 a   0    0    0 0
  47 120.446   8.032 1 T          4.230e+02  0.00e+00 a   0    0    0 0
  48 120.441   7.476 1 T          4.618e+02  0.00e+00 a   0    0    0 0
  50 120.352   8.971 1 T          3.039e+02  0.00e+00 a   0    0    0 0
  51 120.274   7.956 1 T          4.008e+02  0.00e+00 a   0    0    0 0
  52 120.164   8.215 1 T          1.854e+03  0.00e+00 a   0    0    0 0
  54 120.117   8.219 1 T          1.927e+03  0.00e+00 a   0    0    0 0
  56 119.890   8.253 1 T          1.461e+03  0.00e+00 a   0    0    0 0
  57 119.832   7.558 1 T          4.199e+02  0.00e+00 a   0    0    0 0
  58 119.705   7.878 1 T          1.553e+02  0.00e+00 a   0    0    0 0
  59 119.418   8.414 1 T          1.901e+02  0.00e+00 a   0    0    0 0
  60 119.372   8.886 1 T          2.834e+02  0.00e+00 a   0    0    0 0
  61 119.268   8.802 1 T          2.999e+02  0.00e+00 a   0    0    0 0
  62 118.901   9.400 1 T          2.846e+02  0.00e+00 a   0    0    0 0
  63 118.822   7.632 1 T          4.530e+02  0.00e+00 a   0    0    0 0
  64 118.793   8.645 1 T          3.309e+02  0.00e+00 a   0    0    0 0
  66 118.535   8.346 1 T          3.916e+02  0.00e+00 a   0    0    0 0
  67 118.524   8.237 1 T          2.760e+02  0.00e+00 a   0    0    0 0
  68 118.496   8.073 1 T          3.796e+02  0.00e+00 a   0    0    0 0
  69 118.266   8.805 1 T          3.327e+02  0.00e+00 a   0    0    0 0
  70 118.247   7.333 1 T          3.280e+02  0.00e+00 a   0    0    0 0
  71 118.204   8.096 1 T          1.905e+02  0.00e+00 a   0    0    0 0
  72 118.001   7.360 1 T          1.998e+02  0.00e+00 a   0    0    0 0
  73 117.737   8.419 1 T          3.990e+02  0.00e+00 a   0    0    0 0
  74 117.697   8.545 1 T          2.511e+02  0.00e+00 a   0    0    0 0
  75 117.515   7.922 1 T          4.186e+02  0.00e+00 a   0    0    0 0
  76 117.420   6.802 1 T          1.795e+02  0.00e+00 a   0    0    0 0
  77 117.320   8.334 1 T          4.581e+02  0.00e+00 a   0    0    0 0
  78 117.205   7.421 1 T          4.472e+02  0.00e+00 a   0    0    0 0
  79 117.036   8.998 1 T          2.032e+02  0.00e+00 a   0    0    0 0
  80 117.000   7.203 1 T          2.583e+02  0.00e+00 a   0    0    0 0
  81 116.899   7.310 1 T          3.866e+02  0.00e+00 a   0    0    0 0
  82 116.876   7.464 1 T          2.744e+02  0.00e+00 a   0    0    0 0
  83 116.850   8.315 1 T          3.660e+02  0.00e+00 a   0    0    0 0
  84 116.734   7.855 1 T          3.593e+02  0.00e+00 a   0    0    0 0
  85 116.136   7.783 1 T          3.137e+02  0.00e+00 a   0    0    0 0
  86 116.119   8.237 1 T          2.602e+02  0.00e+00 a   0    0    0 0
  87 116.110   7.966 1 T          3.651e+02  0.00e+00 a   0    0    0 0
  88 116.119   7.249 1 T          3.905e+02  0.00e+00 a   0    0    0 0
  89 115.656   8.003 1 T          2.455e+02  0.00e+00 a   0    0    0 0
  90 115.514   9.371 1 T          2.117e+02  0.00e+00 a   0    0    0 0
  98 115.059   7.901 1 T          3.397e+03  0.00e+00 a   0    0    0 0
 102 114.234   7.061 1 T          4.003e+02  0.00e+00 a   0    0    0 0
 103 113.988   8.306 1 T          2.326e+02  0.00e+00 a   0    0    0 0
 108 111.742   8.421 1 T          2.380e+02  0.00e+00 a   0    0    0 0
 109 111.541   7.566 1 T          4.358e+02  0.00e+00 a   0    0    0 0
 110 111.337   8.553 1 T          7.677e+02  0.00e+00 a   0    0    0 0
 111 110.416   8.719 1 T          2.760e+02  0.00e+00 a   0    0    0 0
 112 110.404   7.957 1 T          5.561e+02  0.00e+00 a   0    0    0 0
 118 109.094   8.284 1 T          3.052e+02  0.00e+00 a   0    0    0 0
 119 109.035   8.442 1 T          1.025e+02  0.00e+00 a   0    0    0 0
 120 107.728   8.062 1 T          3.501e+02  0.00e+00 a   0    0    0 0
 121 107.457   9.294 1 T          3.208e+02  0.00e+00 a   0    0    0 0
 122 107.116   8.066 1 T          2.835e+02  0.00e+00 a   0    0    0 0
 123 104.606   9.092 1 T          3.047e+02  0.00e+00 a   0    0    0 0
 124 102.949   8.275 1 T          3.337e+02  0.00e+00 a   0    0    0 0
 125 101.374   8.529 1 T          1.232e+02  0.00e+00 a   0    0    0 0
 126 100.620   8.679 1 T          2.938e+02  0.00e+00 a   0    0    0 0
